{
  "nbformat": 4,
  "nbformat_minor": 0,
  "metadata": {
    "colab": {
      "provenance": [],
      "toc_visible": true,
      "authorship_tag": "ABX9TyN+7dmKdn16xf04oHVYZd4C",
      "include_colab_link": true
    },
    "kernelspec": {
      "name": "python3",
      "display_name": "Python 3"
    },
    "language_info": {
      "name": "python"
    }
  },
  "cells": [
    {
      "cell_type": "markdown",
      "metadata": {
        "id": "view-in-github",
        "colab_type": "text"
      },
      "source": [
        "<a href=\"https://colab.research.google.com/github/nerdropy/red-wine-visualization/blob/master/2019555022_CEN455_DataVisualizationProject.ipynb\" target=\"_parent\"><img src=\"https://colab.research.google.com/assets/colab-badge.svg\" alt=\"Open In Colab\"/></a>"
      ]
    },
    {
      "cell_type": "markdown",
      "source": [
        "# Preprocessing"
      ],
      "metadata": {
        "id": "oSLHhIw_tp_P"
      }
    },
    {
      "cell_type": "code",
      "execution_count": null,
      "metadata": {
        "id": "6cFccTTBth-F"
      },
      "outputs": [],
      "source": [
        "import pandas as pd\n",
        "import plotly.express as px\n",
        "\n",
        "#Dataset Source: https://www.kaggle.com/datasets/uciml/red-wine-quality-cortez-et-al-2009/data\n",
        "\n",
        "url = 'https://raw.githubusercontent.com/nerdropy/red-wine-visualization/master/winequality-red.csv'\n",
        "df = pd.read_csv(url)\n",
        "\n",
        "df.drop_duplicates(inplace=True)\n",
        "df.dropna(inplace=True)\n",
        "df.reset_index(drop=True, inplace=True)"
      ]
    },
    {
      "cell_type": "markdown",
      "source": [
        "# Graph 1: Correlation Matrix"
      ],
      "metadata": {
        "id": "zWPNjPaet52p"
      }
    },
    {
      "cell_type": "code",
      "source": [
        "import pandas as pd\n",
        "import plotly.express as px\n",
        "\n",
        "url = 'https://raw.githubusercontent.com/nerdropy/red-wine-visualization/master/winequality-red.csv'\n",
        "df = pd.read_csv(url)\n",
        "\n",
        "df.drop_duplicates(inplace=True)\n",
        "df.dropna(inplace=True)\n",
        "df.reset_index(drop=True, inplace=True)\n",
        "\n",
        "correlation_matrix = df.corr()\n",
        "fig = px.imshow(correlation_matrix, labels=dict(x=\"Variables\", y=\"Variables\", color=\"Correlation\"),\n",
        "                x=correlation_matrix.index, y=correlation_matrix.columns, color_continuous_scale=\"redor\")\n",
        "fig.update_layout(title='Correlation Matrix')\n",
        "fig.show()"
      ],
      "metadata": {
        "colab": {
          "base_uri": "https://localhost:8080/",
          "height": 542
        },
        "id": "8tIDmCxsuC_B",
        "outputId": "0cc90f43-9d93-4d97-daa2-31f8eda423a5"
      },
      "execution_count": null,
      "outputs": [
        {
          "output_type": "display_data",
          "data": {
            "text/html": [
              "<html>\n",
              "<head><meta charset=\"utf-8\" /></head>\n",
              "<body>\n",
              "    <div>            <script src=\"https://cdnjs.cloudflare.com/ajax/libs/mathjax/2.7.5/MathJax.js?config=TeX-AMS-MML_SVG\"></script><script type=\"text/javascript\">if (window.MathJax && window.MathJax.Hub && window.MathJax.Hub.Config) {window.MathJax.Hub.Config({SVG: {font: \"STIX-Web\"}});}</script>                <script type=\"text/javascript\">window.PlotlyConfig = {MathJaxConfig: 'local'};</script>\n",
              "        <script charset=\"utf-8\" src=\"https://cdn.plot.ly/plotly-2.24.1.min.js\"></script>                <div id=\"1e0ab116-b47c-48c5-9799-1ec17c4b7f18\" class=\"plotly-graph-div\" style=\"height:525px; width:100%;\"></div>            <script type=\"text/javascript\">                                    window.PLOTLYENV=window.PLOTLYENV || {};                                    if (document.getElementById(\"1e0ab116-b47c-48c5-9799-1ec17c4b7f18\")) {                    Plotly.newPlot(                        \"1e0ab116-b47c-48c5-9799-1ec17c4b7f18\",                        [{\"coloraxis\":\"coloraxis\",\"name\":\"0\",\"x\":[\"fixed acidity\",\"volatile acidity\",\"citric acid\",\"residual sugar\",\"chlorides\",\"free sulfur dioxide\",\"total sulfur dioxide\",\"density\",\"pH\",\"sulphates\",\"alcohol\",\"quality\"],\"y\":[\"fixed acidity\",\"volatile acidity\",\"citric acid\",\"residual sugar\",\"chlorides\",\"free sulfur dioxide\",\"total sulfur dioxide\",\"density\",\"pH\",\"sulphates\",\"alcohol\",\"quality\"],\"z\":[[1.0,-0.25512446496111363,0.6674373845302918,0.11102546657569795,0.08588624707137753,-0.14058001789915436,-0.1037767952581607,0.6701950166537876,-0.6866851055982736,0.19026947686015486,-0.061596149281019315,0.11902366561349675],[-0.25512446496111363,1.0,-0.5512480416642104,-0.0024488891046560283,0.05515367014670443,-0.02094484319244765,0.07170106105310377,0.023942943727427196,0.2471111316635864,-0.2569477706502992,-0.1978122173725866,-0.39521368900984055],[0.6674373845302918,-0.5512480416642104,1.0,0.14389178736659233,0.2101945338853942,-0.04800446647512026,0.047357608598901584,0.35796188864679906,-0.5503097645056617,0.32606233322756417,0.10510809321904378,0.22805745919929937],[0.11102546657569795,-0.0024488891046560283,0.14389178736659233,1.0,0.026656141384022294,0.16052715297142817,0.20103849217186184,0.32452248354028795,-0.08314348370890828,-0.011836572120229817,0.06328108224993169,0.013640470048445423],[0.08588624707137753,0.05515367014670443,0.2101945338853942,0.026656141384022294,1.0,0.0007486128052747536,0.04577310782645989,0.19359186350384378,-0.27089325674770426,0.3945572187112999,-0.22382366276965313,-0.13098841286642682],[-0.14058001789915436,-0.02094484319244765,-0.04800446647512026,0.16052715297142817,0.0007486128052747536,1.0,0.6672462292780184,-0.01807058108490761,0.05663132490454645,0.054126389551342496,-0.08012458382908565,-0.050462766805025684],[-0.1037767952581607,0.07170106105310377,0.047357608598901584,0.20103849217186184,0.04577310782645989,0.6672462292780184,1.0,0.07814146535264607,-0.07925699149595446,0.035290857138879764,-0.21782895607671376,-0.17785536568029614],[0.6701950166537876,0.023942943727427196,0.35796188864679906,0.32452248354028795,0.19359186350384378,-0.01807058108490761,0.07814146535264607,1.0,-0.3556173591754195,0.14603563553787896,-0.5049949308081018,-0.1842516501190418],[-0.6866851055982736,0.2471111316635864,-0.5503097645056617,-0.08314348370890828,-0.27089325674770426,0.05663132490454645,-0.07925699149595446,-0.3556173591754195,1.0,-0.21413381955065514,0.2134175140389669,-0.05524511495867274],[0.19026947686015486,-0.2569477706502992,0.32606233322756417,-0.011836572120229817,0.3945572187112999,0.054126389551342496,0.035290857138879764,0.14603563553787896,-0.21413381955065514,1.0,0.09162092847713811,0.24883513557788875],[-0.061596149281019315,-0.1978122173725866,0.10510809321904378,0.06328108224993169,-0.22382366276965313,-0.08012458382908565,-0.21782895607671376,-0.5049949308081018,0.2134175140389669,0.09162092847713811,1.0,0.48034289800199215],[0.11902366561349675,-0.39521368900984055,0.22805745919929937,0.013640470048445423,-0.13098841286642682,-0.050462766805025684,-0.17785536568029614,-0.1842516501190418,-0.05524511495867274,0.24883513557788875,0.48034289800199215,1.0]],\"type\":\"heatmap\",\"xaxis\":\"x\",\"yaxis\":\"y\",\"hovertemplate\":\"Variables: %{x}\\u003cbr\\u003eVariables: %{y}\\u003cbr\\u003eCorrelation: %{z}\\u003cextra\\u003e\\u003c\\u002fextra\\u003e\"}],                        {\"template\":{\"data\":{\"histogram2dcontour\":[{\"type\":\"histogram2dcontour\",\"colorbar\":{\"outlinewidth\":0,\"ticks\":\"\"},\"colorscale\":[[0.0,\"#0d0887\"],[0.1111111111111111,\"#46039f\"],[0.2222222222222222,\"#7201a8\"],[0.3333333333333333,\"#9c179e\"],[0.4444444444444444,\"#bd3786\"],[0.5555555555555556,\"#d8576b\"],[0.6666666666666666,\"#ed7953\"],[0.7777777777777778,\"#fb9f3a\"],[0.8888888888888888,\"#fdca26\"],[1.0,\"#f0f921\"]]}],\"choropleth\":[{\"type\":\"choropleth\",\"colorbar\":{\"outlinewidth\":0,\"ticks\":\"\"}}],\"histogram2d\":[{\"type\":\"histogram2d\",\"colorbar\":{\"outlinewidth\":0,\"ticks\":\"\"},\"colorscale\":[[0.0,\"#0d0887\"],[0.1111111111111111,\"#46039f\"],[0.2222222222222222,\"#7201a8\"],[0.3333333333333333,\"#9c179e\"],[0.4444444444444444,\"#bd3786\"],[0.5555555555555556,\"#d8576b\"],[0.6666666666666666,\"#ed7953\"],[0.7777777777777778,\"#fb9f3a\"],[0.8888888888888888,\"#fdca26\"],[1.0,\"#f0f921\"]]}],\"heatmap\":[{\"type\":\"heatmap\",\"colorbar\":{\"outlinewidth\":0,\"ticks\":\"\"},\"colorscale\":[[0.0,\"#0d0887\"],[0.1111111111111111,\"#46039f\"],[0.2222222222222222,\"#7201a8\"],[0.3333333333333333,\"#9c179e\"],[0.4444444444444444,\"#bd3786\"],[0.5555555555555556,\"#d8576b\"],[0.6666666666666666,\"#ed7953\"],[0.7777777777777778,\"#fb9f3a\"],[0.8888888888888888,\"#fdca26\"],[1.0,\"#f0f921\"]]}],\"heatmapgl\":[{\"type\":\"heatmapgl\",\"colorbar\":{\"outlinewidth\":0,\"ticks\":\"\"},\"colorscale\":[[0.0,\"#0d0887\"],[0.1111111111111111,\"#46039f\"],[0.2222222222222222,\"#7201a8\"],[0.3333333333333333,\"#9c179e\"],[0.4444444444444444,\"#bd3786\"],[0.5555555555555556,\"#d8576b\"],[0.6666666666666666,\"#ed7953\"],[0.7777777777777778,\"#fb9f3a\"],[0.8888888888888888,\"#fdca26\"],[1.0,\"#f0f921\"]]}],\"contourcarpet\":[{\"type\":\"contourcarpet\",\"colorbar\":{\"outlinewidth\":0,\"ticks\":\"\"}}],\"contour\":[{\"type\":\"contour\",\"colorbar\":{\"outlinewidth\":0,\"ticks\":\"\"},\"colorscale\":[[0.0,\"#0d0887\"],[0.1111111111111111,\"#46039f\"],[0.2222222222222222,\"#7201a8\"],[0.3333333333333333,\"#9c179e\"],[0.4444444444444444,\"#bd3786\"],[0.5555555555555556,\"#d8576b\"],[0.6666666666666666,\"#ed7953\"],[0.7777777777777778,\"#fb9f3a\"],[0.8888888888888888,\"#fdca26\"],[1.0,\"#f0f921\"]]}],\"surface\":[{\"type\":\"surface\",\"colorbar\":{\"outlinewidth\":0,\"ticks\":\"\"},\"colorscale\":[[0.0,\"#0d0887\"],[0.1111111111111111,\"#46039f\"],[0.2222222222222222,\"#7201a8\"],[0.3333333333333333,\"#9c179e\"],[0.4444444444444444,\"#bd3786\"],[0.5555555555555556,\"#d8576b\"],[0.6666666666666666,\"#ed7953\"],[0.7777777777777778,\"#fb9f3a\"],[0.8888888888888888,\"#fdca26\"],[1.0,\"#f0f921\"]]}],\"mesh3d\":[{\"type\":\"mesh3d\",\"colorbar\":{\"outlinewidth\":0,\"ticks\":\"\"}}],\"scatter\":[{\"fillpattern\":{\"fillmode\":\"overlay\",\"size\":10,\"solidity\":0.2},\"type\":\"scatter\"}],\"parcoords\":[{\"type\":\"parcoords\",\"line\":{\"colorbar\":{\"outlinewidth\":0,\"ticks\":\"\"}}}],\"scatterpolargl\":[{\"type\":\"scatterpolargl\",\"marker\":{\"colorbar\":{\"outlinewidth\":0,\"ticks\":\"\"}}}],\"bar\":[{\"error_x\":{\"color\":\"#2a3f5f\"},\"error_y\":{\"color\":\"#2a3f5f\"},\"marker\":{\"line\":{\"color\":\"#E5ECF6\",\"width\":0.5},\"pattern\":{\"fillmode\":\"overlay\",\"size\":10,\"solidity\":0.2}},\"type\":\"bar\"}],\"scattergeo\":[{\"type\":\"scattergeo\",\"marker\":{\"colorbar\":{\"outlinewidth\":0,\"ticks\":\"\"}}}],\"scatterpolar\":[{\"type\":\"scatterpolar\",\"marker\":{\"colorbar\":{\"outlinewidth\":0,\"ticks\":\"\"}}}],\"histogram\":[{\"marker\":{\"pattern\":{\"fillmode\":\"overlay\",\"size\":10,\"solidity\":0.2}},\"type\":\"histogram\"}],\"scattergl\":[{\"type\":\"scattergl\",\"marker\":{\"colorbar\":{\"outlinewidth\":0,\"ticks\":\"\"}}}],\"scatter3d\":[{\"type\":\"scatter3d\",\"line\":{\"colorbar\":{\"outlinewidth\":0,\"ticks\":\"\"}},\"marker\":{\"colorbar\":{\"outlinewidth\":0,\"ticks\":\"\"}}}],\"scattermapbox\":[{\"type\":\"scattermapbox\",\"marker\":{\"colorbar\":{\"outlinewidth\":0,\"ticks\":\"\"}}}],\"scatterternary\":[{\"type\":\"scatterternary\",\"marker\":{\"colorbar\":{\"outlinewidth\":0,\"ticks\":\"\"}}}],\"scattercarpet\":[{\"type\":\"scattercarpet\",\"marker\":{\"colorbar\":{\"outlinewidth\":0,\"ticks\":\"\"}}}],\"carpet\":[{\"aaxis\":{\"endlinecolor\":\"#2a3f5f\",\"gridcolor\":\"white\",\"linecolor\":\"white\",\"minorgridcolor\":\"white\",\"startlinecolor\":\"#2a3f5f\"},\"baxis\":{\"endlinecolor\":\"#2a3f5f\",\"gridcolor\":\"white\",\"linecolor\":\"white\",\"minorgridcolor\":\"white\",\"startlinecolor\":\"#2a3f5f\"},\"type\":\"carpet\"}],\"table\":[{\"cells\":{\"fill\":{\"color\":\"#EBF0F8\"},\"line\":{\"color\":\"white\"}},\"header\":{\"fill\":{\"color\":\"#C8D4E3\"},\"line\":{\"color\":\"white\"}},\"type\":\"table\"}],\"barpolar\":[{\"marker\":{\"line\":{\"color\":\"#E5ECF6\",\"width\":0.5},\"pattern\":{\"fillmode\":\"overlay\",\"size\":10,\"solidity\":0.2}},\"type\":\"barpolar\"}],\"pie\":[{\"automargin\":true,\"type\":\"pie\"}]},\"layout\":{\"autotypenumbers\":\"strict\",\"colorway\":[\"#636efa\",\"#EF553B\",\"#00cc96\",\"#ab63fa\",\"#FFA15A\",\"#19d3f3\",\"#FF6692\",\"#B6E880\",\"#FF97FF\",\"#FECB52\"],\"font\":{\"color\":\"#2a3f5f\"},\"hovermode\":\"closest\",\"hoverlabel\":{\"align\":\"left\"},\"paper_bgcolor\":\"white\",\"plot_bgcolor\":\"#E5ECF6\",\"polar\":{\"bgcolor\":\"#E5ECF6\",\"angularaxis\":{\"gridcolor\":\"white\",\"linecolor\":\"white\",\"ticks\":\"\"},\"radialaxis\":{\"gridcolor\":\"white\",\"linecolor\":\"white\",\"ticks\":\"\"}},\"ternary\":{\"bgcolor\":\"#E5ECF6\",\"aaxis\":{\"gridcolor\":\"white\",\"linecolor\":\"white\",\"ticks\":\"\"},\"baxis\":{\"gridcolor\":\"white\",\"linecolor\":\"white\",\"ticks\":\"\"},\"caxis\":{\"gridcolor\":\"white\",\"linecolor\":\"white\",\"ticks\":\"\"}},\"coloraxis\":{\"colorbar\":{\"outlinewidth\":0,\"ticks\":\"\"}},\"colorscale\":{\"sequential\":[[0.0,\"#0d0887\"],[0.1111111111111111,\"#46039f\"],[0.2222222222222222,\"#7201a8\"],[0.3333333333333333,\"#9c179e\"],[0.4444444444444444,\"#bd3786\"],[0.5555555555555556,\"#d8576b\"],[0.6666666666666666,\"#ed7953\"],[0.7777777777777778,\"#fb9f3a\"],[0.8888888888888888,\"#fdca26\"],[1.0,\"#f0f921\"]],\"sequentialminus\":[[0.0,\"#0d0887\"],[0.1111111111111111,\"#46039f\"],[0.2222222222222222,\"#7201a8\"],[0.3333333333333333,\"#9c179e\"],[0.4444444444444444,\"#bd3786\"],[0.5555555555555556,\"#d8576b\"],[0.6666666666666666,\"#ed7953\"],[0.7777777777777778,\"#fb9f3a\"],[0.8888888888888888,\"#fdca26\"],[1.0,\"#f0f921\"]],\"diverging\":[[0,\"#8e0152\"],[0.1,\"#c51b7d\"],[0.2,\"#de77ae\"],[0.3,\"#f1b6da\"],[0.4,\"#fde0ef\"],[0.5,\"#f7f7f7\"],[0.6,\"#e6f5d0\"],[0.7,\"#b8e186\"],[0.8,\"#7fbc41\"],[0.9,\"#4d9221\"],[1,\"#276419\"]]},\"xaxis\":{\"gridcolor\":\"white\",\"linecolor\":\"white\",\"ticks\":\"\",\"title\":{\"standoff\":15},\"zerolinecolor\":\"white\",\"automargin\":true,\"zerolinewidth\":2},\"yaxis\":{\"gridcolor\":\"white\",\"linecolor\":\"white\",\"ticks\":\"\",\"title\":{\"standoff\":15},\"zerolinecolor\":\"white\",\"automargin\":true,\"zerolinewidth\":2},\"scene\":{\"xaxis\":{\"backgroundcolor\":\"#E5ECF6\",\"gridcolor\":\"white\",\"linecolor\":\"white\",\"showbackground\":true,\"ticks\":\"\",\"zerolinecolor\":\"white\",\"gridwidth\":2},\"yaxis\":{\"backgroundcolor\":\"#E5ECF6\",\"gridcolor\":\"white\",\"linecolor\":\"white\",\"showbackground\":true,\"ticks\":\"\",\"zerolinecolor\":\"white\",\"gridwidth\":2},\"zaxis\":{\"backgroundcolor\":\"#E5ECF6\",\"gridcolor\":\"white\",\"linecolor\":\"white\",\"showbackground\":true,\"ticks\":\"\",\"zerolinecolor\":\"white\",\"gridwidth\":2}},\"shapedefaults\":{\"line\":{\"color\":\"#2a3f5f\"}},\"annotationdefaults\":{\"arrowcolor\":\"#2a3f5f\",\"arrowhead\":0,\"arrowwidth\":1},\"geo\":{\"bgcolor\":\"white\",\"landcolor\":\"#E5ECF6\",\"subunitcolor\":\"white\",\"showland\":true,\"showlakes\":true,\"lakecolor\":\"white\"},\"title\":{\"x\":0.05},\"mapbox\":{\"style\":\"light\"}}},\"xaxis\":{\"anchor\":\"y\",\"domain\":[0.0,1.0],\"scaleanchor\":\"y\",\"constrain\":\"domain\",\"title\":{\"text\":\"Variables\"}},\"yaxis\":{\"anchor\":\"x\",\"domain\":[0.0,1.0],\"autorange\":\"reversed\",\"constrain\":\"domain\",\"title\":{\"text\":\"Variables\"}},\"coloraxis\":{\"colorbar\":{\"title\":{\"text\":\"Correlation\"}},\"colorscale\":[[0.0,\"rgb(246, 210, 169)\"],[0.16666666666666666,\"rgb(245, 183, 142)\"],[0.3333333333333333,\"rgb(241, 156, 124)\"],[0.5,\"rgb(234, 129, 113)\"],[0.6666666666666666,\"rgb(221, 104, 108)\"],[0.8333333333333334,\"rgb(202, 82, 104)\"],[1.0,\"rgb(177, 63, 100)\"]]},\"margin\":{\"t\":60},\"title\":{\"text\":\"Correlation Matrix\"}},                        {\"responsive\": true}                    ).then(function(){\n",
              "                            \n",
              "var gd = document.getElementById('1e0ab116-b47c-48c5-9799-1ec17c4b7f18');\n",
              "var x = new MutationObserver(function (mutations, observer) {{\n",
              "        var display = window.getComputedStyle(gd).display;\n",
              "        if (!display || display === 'none') {{\n",
              "            console.log([gd, 'removed!']);\n",
              "            Plotly.purge(gd);\n",
              "            observer.disconnect();\n",
              "        }}\n",
              "}});\n",
              "\n",
              "// Listen for the removal of the full notebook cells\n",
              "var notebookContainer = gd.closest('#notebook-container');\n",
              "if (notebookContainer) {{\n",
              "    x.observe(notebookContainer, {childList: true});\n",
              "}}\n",
              "\n",
              "// Listen for the clearing of the current output cell\n",
              "var outputEl = gd.closest('.output');\n",
              "if (outputEl) {{\n",
              "    x.observe(outputEl, {childList: true});\n",
              "}}\n",
              "\n",
              "                        })                };                            </script>        </div>\n",
              "</body>\n",
              "</html>"
            ]
          },
          "metadata": {}
        }
      ]
    },
    {
      "cell_type": "markdown",
      "source": [
        "# Graph 2: Strip Plot"
      ],
      "metadata": {
        "id": "GrCwjK2hvqXr"
      }
    },
    {
      "cell_type": "code",
      "source": [
        "import pandas as pd\n",
        "import plotly.express as px\n",
        "\n",
        "url = 'https://raw.githubusercontent.com/nerdropy/red-wine-visualization/master/winequality-red.csv'\n",
        "df = pd.read_csv(url)\n",
        "\n",
        "df.drop_duplicates(inplace=True)\n",
        "df.dropna(inplace=True)\n",
        "df.reset_index(drop=True, inplace=True)\n",
        "\n",
        "fig = px.strip(df, x='quality', y='residual sugar',\n",
        "               title='Residual Sugar Content Across Wine Qualities',\n",
        "               labels={'residual sugar': 'Residual Sugar', 'quality': 'Quality'})\n",
        "fig.show()"
      ],
      "metadata": {
        "colab": {
          "base_uri": "https://localhost:8080/",
          "height": 542
        },
        "id": "hXuLhHWyvu3D",
        "outputId": "a595ebe6-004b-49a2-95fe-0640c0fdcf1e"
      },
      "execution_count": null,
      "outputs": [
        {
          "output_type": "display_data",
          "data": {
            "text/html": [
              "<html>\n",
              "<head><meta charset=\"utf-8\" /></head>\n",
              "<body>\n",
              "    <div>            <script src=\"https://cdnjs.cloudflare.com/ajax/libs/mathjax/2.7.5/MathJax.js?config=TeX-AMS-MML_SVG\"></script><script type=\"text/javascript\">if (window.MathJax && window.MathJax.Hub && window.MathJax.Hub.Config) {window.MathJax.Hub.Config({SVG: {font: \"STIX-Web\"}});}</script>                <script type=\"text/javascript\">window.PlotlyConfig = {MathJaxConfig: 'local'};</script>\n",
              "        <script charset=\"utf-8\" src=\"https://cdn.plot.ly/plotly-2.24.1.min.js\"></script>                <div id=\"8065140b-1c47-4d32-a7fe-e5047aa0affd\" class=\"plotly-graph-div\" style=\"height:525px; width:100%;\"></div>            <script type=\"text/javascript\">                                    window.PLOTLYENV=window.PLOTLYENV || {};                                    if (document.getElementById(\"8065140b-1c47-4d32-a7fe-e5047aa0affd\")) {                    Plotly.newPlot(                        \"8065140b-1c47-4d32-a7fe-e5047aa0affd\",                        [{\"alignmentgroup\":\"True\",\"boxpoints\":\"all\",\"fillcolor\":\"rgba(255,255,255,0)\",\"hoveron\":\"points\",\"hovertemplate\":\"Quality=%{x}\\u003cbr\\u003eResidual Sugar=%{y}\\u003cextra\\u003e\\u003c\\u002fextra\\u003e\",\"legendgroup\":\"\",\"line\":{\"color\":\"rgba(255,255,255,0)\"},\"marker\":{\"color\":\"#636efa\"},\"name\":\"\",\"offsetgroup\":\"\",\"orientation\":\"v\",\"pointpos\":0,\"showlegend\":false,\"x\":[5,5,5,6,5,5,7,7,5,5,5,5,5,5,7,5,4,6,6,5,5,5,6,5,5,5,6,5,6,5,6,5,6,6,7,4,5,4,6,5,5,4,5,5,5,5,5,6,6,5,6,5,5,5,5,6,5,5,7,5,5,5,5,5,6,6,5,5,4,5,5,6,5,4,5,5,5,5,6,5,6,5,5,5,5,5,4,6,5,5,5,6,6,6,5,5,5,5,6,5,5,5,5,6,6,6,6,6,6,5,5,5,5,5,5,5,7,5,5,5,6,6,5,5,5,5,5,6,5,5,5,5,6,6,6,4,5,5,5,5,6,5,4,6,5,5,5,5,4,6,5,4,6,6,5,5,6,5,5,5,5,5,6,5,5,5,5,5,5,6,5,5,5,5,6,7,4,7,5,5,5,6,7,5,5,7,6,6,6,5,6,5,5,5,5,5,6,5,5,6,4,6,6,5,5,7,6,6,6,6,6,5,6,6,7,6,5,5,6,6,6,5,5,5,5,5,5,7,5,4,5,5,5,7,4,8,6,6,6,5,5,5,8,7,6,7,5,5,6,6,7,5,5,6,6,6,5,5,5,5,5,6,6,5,5,5,6,5,6,6,6,6,6,5,5,6,5,6,7,5,5,6,6,7,5,6,5,6,6,5,7,7,6,5,6,7,6,6,6,6,5,7,6,6,6,6,6,5,5,6,6,5,7,7,6,5,6,5,5,7,6,5,5,7,5,6,6,5,6,7,6,6,6,6,6,5,6,6,6,6,7,8,5,5,5,7,5,6,5,6,6,6,5,6,6,7,6,4,6,5,5,7,5,5,6,5,6,5,7,7,5,7,6,6,5,6,5,6,5,6,6,6,5,8,6,7,7,7,6,5,5,6,6,6,6,7,5,8,5,5,3,6,5,5,5,6,5,6,6,6,5,5,6,6,5,6,5,5,6,6,5,8,5,5,6,5,6,7,6,6,7,7,6,6,8,6,5,7,7,7,7,7,6,6,7,5,6,7,5,6,3,6,5,6,5,5,5,5,5,6,6,5,6,5,6,6,6,7,5,5,6,5,6,6,5,6,6,6,6,6,6,6,5,5,6,5,6,5,5,5,6,6,6,6,6,5,4,6,6,4,5,5,6,5,5,7,7,6,7,5,8,7,5,6,5,5,5,6,6,6,6,4,6,5,6,6,7,6,6,6,5,5,6,5,6,5,6,5,5,5,5,5,6,5,5,6,5,5,6,4,5,5,5,5,7,6,5,5,7,5,4,7,6,5,5,5,6,5,5,7,6,4,5,6,6,5,5,6,6,5,5,5,5,6,5,5,5,5,5,6,5,5,5,5,5,5,5,3,5,5,5,5,6,6,5,6,6,6,4,4,5,5,5,6,6,5,5,5,5,5,6,5,5,5,5,5,5,4,5,6,5,6,5,5,5,5,5,5,6,5,5,6,5,5,5,5,6,6,5,6,5,5,6,6,6,5,5,5,5,6,6,6,5,5,6,5,5,5,6,6,5,6,6,5,5,6,5,5,5,5,6,5,6,5,6,5,6,5,5,7,6,5,5,7,6,6,7,7,5,6,5,6,5,4,6,6,6,5,5,5,7,5,5,5,7,8,6,4,3,4,5,5,7,7,5,7,5,6,5,6,5,6,5,5,5,6,7,7,7,6,5,6,5,5,5,6,6,6,6,5,4,7,7,7,4,6,5,5,6,6,5,6,7,6,5,5,5,6,6,6,7,3,5,7,7,5,5,6,6,6,6,6,6,7,6,5,6,6,6,5,5,7,6,4,7,5,5,6,6,4,7,5,7,7,7,7,7,7,7,7,7,7,7,6,5,6,6,7,5,6,5,5,6,6,7,5,6,5,6,7,5,7,5,5,7,5,6,5,6,6,7,5,5,6,5,6,5,6,7,6,6,7,7,7,7,5,7,7,5,7,6,5,6,6,6,7,6,5,6,5,6,7,6,6,5,6,7,7,5,6,6,7,7,5,7,6,5,6,7,6,6,6,5,6,6,5,5,7,6,7,5,7,6,8,6,6,6,6,7,7,5,7,5,6,6,7,6,5,7,6,7,6,6,5,7,6,7,8,6,6,7,6,5,5,7,6,6,6,6,5,6,7,5,6,6,7,6,6,6,6,6,5,8,6,6,6,4,7,6,6,5,6,6,5,7,7,7,6,6,5,6,6,6,6,6,5,6,6,7,6,6,7,6,5,6,6,7,7,6,5,7,6,7,5,5,5,7,6,6,6,6,6,6,6,4,7,5,6,5,6,5,5,6,5,4,6,5,7,5,6,6,6,6,6,7,8,5,7,5,7,6,5,6,6,6,6,6,6,6,6,6,6,6,5,5,5,7,5,6,5,4,6,4,6,4,4,5,5,6,5,6,5,5,6,6,5,5,5,5,5,5,6,6,5,4,5,4,6,6,6,6,8,6,6,5,5,6,6,4,6,7,6,6,6,5,5,6,5,5,5,6,6,4,5,6,6,3,6,6,6,5,5,5,5,4,5,6,5,6,6,6,6,6,6,5,6,5,7,6,5,6,5,6,5,5,6,5,6,6,5,6,5,5,5,5,6,5,5,5,5,6,5,6,5,5,4,6,5,5,6,6,4,5,6,5,3,5,5,6,6,6,5,5,5,5,5,5,5,6,5,5,5,5,6,5,5,7,6,5,6,8,6,7,6,6,7,6,6,5,5,5,7,5,5,5,6,4,6,6,5,5,5,5,6,6,7,6,5,5,5,6,7,6,5,5,6,6,5,5,8,7,7,5,6,6,6,5,7,6,4,6,6,5,7,4,3,5,5,6,5,5,7,7,3,5,4,4,5,4,5,5,5,5,6,6,5,5,7,6,6,6,5,5,5,6,6,3,6,6,5,6,5,6,6,6,6,5,6,5,5,4,5,6,5,6,6,6,6,6,5,6,5,7,6,6,6,5,5,6,7,6,6,7,6,5,5,5,8,5,5,6,5,6,7,5,5,5,5,6,6,5,6,6,6,5,6,6,6,6,6,6,5,6,5,5,7,6,6,6,6,5,6,6,6,6,5,6,5,6],\"x0\":\" \",\"xaxis\":\"x\",\"y\":[1.9,2.6,2.3,1.9,1.8,1.6,1.2,2.0,6.1,1.8,1.6,1.6,3.8,3.9,1.8,1.7,4.4,1.8,1.8,2.3,1.6,2.3,2.4,1.4,1.8,1.9,2.0,2.4,2.5,2.3,10.7,1.8,5.5,2.4,2.1,1.5,5.9,2.8,2.6,2.2,1.8,2.1,2.2,1.6,1.6,1.4,1.7,2.2,2.1,3.0,2.8,3.8,3.4,5.1,2.3,2.4,2.2,1.8,1.9,2.0,4.65,1.5,1.6,2.0,1.9,1.9,2.1,1.9,2.1,2.5,2.2,2.4,2.0,1.5,1.6,1.9,2.0,1.8,1.8,2.2,1.9,1.9,2.1,1.8,1.9,2.0,1.4,2.3,3.0,2.0,2.5,1.9,2.1,1.9,2.1,2.2,1.7,1.7,2.5,2.0,1.8,2.2,2.2,2.3,2.2,1.9,2.0,2.2,1.8,1.7,2.5,2.6,1.6,1.9,1.7,1.8,1.8,1.8,2.0,2.3,1.5,2.2,1.9,1.8,2.0,2.1,2.0,1.8,1.7,1.8,1.8,1.6,2.3,2.8,2.1,3.4,1.8,5.5,5.5,2.2,1.9,2.0,1.3,1.7,7.3,7.2,1.7,2.1,1.6,2.1,1.8,1.8,2.0,1.9,2.0,1.5,2.3,2.5,2.4,2.0,2.5,1.8,1.9,2.0,2.0,2.6,2.0,1.9,2.9,1.9,3.8,2.2,2.0,2.4,2.0,1.2,2.1,1.4,2.1,1.5,1.6,1.6,2.6,1.8,2.7,2.1,2.0,2.8,2.1,2.2,2.4,5.6,2.0,2.2,1.9,2.4,2.0,2.0,1.5,2.0,2.0,2.6,2.0,2.6,2.6,1.6,1.8,2.8,2.3,1.9,1.9,1.7,2.1,1.8,2.2,2.0,1.9,2.3,1.7,1.6,1.8,3.1,1.9,3.2,2.2,2.1,1.8,2.6,1.7,2.0,1.7,1.8,2.4,1.8,3.3,3.6,3.0,4.0,4.0,4.0,2.4,7.0,6.4,5.6,3.6,3.5,3.0,3.4,2.0,3.0,2.5,3.3,2.0,2.7,2.4,3.2,2.5,2.6,2.0,2.3,2.1,2.6,1.5,2.6,1.6,2.1,2.5,2.2,2.4,2.4,1.7,2.0,2.8,3.0,2.6,2.5,3.4,2.9,3.2,3.4,2.3,2.8,11.0,3.65,4.5,2.6,2.0,2.9,3.2,2.1,2.5,3.4,1.9,2.8,3.0,2.3,2.4,2.7,1.8,2.6,1.9,2.7,3.0,2.8,2.6,2.7,2.6,2.4,4.8,1.4,2.4,3.0,2.95,3.1,2.6,2.0,2.6,2.5,2.0,5.8,3.4,2.6,2.8,2.4,2.3,1.6,1.8,2.2,3.8,4.4,3.0,6.2,2.5,2.0,2.9,2.1,2.4,2.0,1.9,1.9,2.5,1.4,2.0,2.0,2.3,4.2,7.9,2.6,2.3,1.7,2.6,2.7,2.7,1.4,2.5,3.0,3.7,4.5,2.5,2.4,1.9,6.7,2.7,6.6,2.2,1.9,2.0,1.8,2.4,2.3,2.0,2.1,2.1,1.9,1.3,2.4,2.2,2.3,2.3,3.2,2.0,3.2,1.5,2.2,2.15,3.7,2.7,1.7,2.1,2.6,2.1,2.0,2.8,1.8,1.7,2.8,1.6,5.2,2.3,2.7,2.2,2.3,2.6,2.55,2.2,2.1,2.9,2.0,2.6,2.1,1.2,2.6,2.4,2.6,2.1,1.7,2.2,2.0,1.8,2.7,15.5,2.8,2.2,2.2,4.1,1.9,1.8,2.8,2.6,2.8,2.5,2.6,3.0,8.3,2.6,1.9,2.5,6.55,1.9,1.8,2.9,1.8,2.3,2.2,2.8,4.6,2.1,2.4,6.1,4.3,2.1,2.8,2.5,2.7,2.0,2.3,2.5,2.4,2.8,2.5,2.6,2.4,2.1,2.7,2.1,2.7,2.1,5.8,5.15,3.3,6.3,2.1,2.5,1.8,2.6,2.0,2.5,2.6,1.9,2.1,2.8,2.7,1.6,4.2,4.6,4.2,4.3,2.8,2.4,2.9,2.7,2.5,2.6,2.2,3.3,2.4,2.1,3.2,3.1,2.3,2.8,2.9,2.2,2.2,2.2,1.9,3.4,2.4,2.7,1.9,2.0,2.6,2.6,1.7,3.5,2.6,7.9,2.0,1.9,2.1,2.3,2.1,2.2,2.6,2.9,2.6,4.6,3.3,5.1,3.2,2.5,2.7,2.4,1.5,2.2,2.3,2.2,2.7,2.3,3.4,3.4,1.9,2.9,5.6,2.2,2.5,2.3,2.7,3.0,3.4,1.9,1.4,2.4,2.3,2.2,1.9,2.3,2.3,6.0,3.6,2.2,2.8,8.6,2.2,2.5,7.5,2.8,2.4,2.9,1.4,1.4,4.4,1.6,1.6,1.8,2.0,2.0,1.8,2.0,2.3,2.5,1.7,2.0,2.2,2.2,2.3,2.6,3.3,1.9,2.2,2.25,2.6,2.3,1.8,3.1,1.6,1.8,4.25,2.6,2.0,2.8,2.7,1.3,2.1,3.2,2.1,2.9,2.1,2.6,1.6,6.0,2.0,3.0,2.5,1.6,2.8,3.0,3.2,2.3,2.6,2.7,2.6,2.0,3.9,2.85,2.7,2.2,3.1,3.0,2.8,1.8,3.2,2.3,3.45,2.1,2.7,2.0,2.1,2.5,2.8,2.4,4.2,2.6,1.9,2.8,2.7,2.1,2.5,2.6,2.1,2.9,2.5,1.7,1.9,2.0,2.2,2.5,2.8,2.0,1.7,2.8,3.0,2.9,2.7,2.3,1.9,2.4,2.3,1.8,1.8,3.0,2.4,2.4,3.4,2.6,2.0,2.4,2.4,2.5,2.3,2.2,2.9,2.6,2.9,2.5,2.6,2.3,2.6,2.5,1.6,3.6,4.0,3.3,1.7,2.5,2.7,2.4,2.0,1.9,2.8,2.6,2.8,2.5,2.1,2.8,3.2,1.6,2.35,3.2,1.9,2.1,2.0,2.8,2.8,2.3,2.3,2.1,2.5,1.5,1.6,1.6,1.5,2.4,1.6,2.2,2.65,3.0,2.6,2.0,1.7,1.8,1.8,1.6,1.9,2.5,1.5,2.5,2.5,1.7,1.8,2.7,2.0,2.7,2.5,2.6,2.3,2.0,2.0,2.1,1.5,2.0,1.6,2.1,2.8,2.2,4.0,2.5,1.6,2.1,3.1,2.5,2.4,2.6,2.5,6.6,2.0,2.3,1.9,2.2,2.3,2.4,3.4,2.6,2.4,6.0,3.0,2.6,2.2,2.4,1.2,3.8,9.0,2.9,4.6,2.2,1.5,8.8,2.2,1.8,2.3,2.3,1.9,2.3,2.2,3.3,1.9,2.0,1.9,2.3,1.4,2.8,1.6,2.2,5.0,2.6,2.3,3.8,2.0,4.1,2.1,1.8,2.2,2.1,2.7,1.9,2.1,2.0,2.3,2.0,1.9,1.6,2.1,2.0,2.4,2.4,2.1,2.4,2.9,1.9,2.4,1.7,5.9,2.1,2.6,3.6,1.4,1.9,1.9,2.1,2.0,1.4,1.6,1.7,1.5,2.0,2.0,2.5,2.0,2.2,1.4,1.65,2.2,1.5,2.05,1.8,1.6,2.0,3.6,2.8,1.7,2.0,2.1,1.6,2.0,2.2,2.2,0.9,1.8,2.4,2.1,2.3,1.8,2.8,1.9,2.2,2.5,2.1,1.8,4.1,2.6,2.5,2.4,2.5,1.8,6.2,2.2,2.2,1.7,8.9,3.3,1.4,1.7,1.8,1.7,1.8,1.4,2.4,2.3,2.0,4.0,3.9,2.4,1.8,1.8,1.9,2.4,2.0,2.4,2.4,2.2,2.8,1.5,8.1,1.8,2.7,2.0,2.0,6.4,8.3,1.4,8.3,1.8,2.4,1.8,4.7,1.6,1.5,1.9,2.0,2.0,2.2,5.5,2.5,1.5,2.1,2.1,2.1,1.7,2.2,2.1,1.9,2.0,3.3,2.1,1.4,2.0,1.5,1.6,4.3,2.5,2.1,2.5,2.5,1.8,1.4,1.9,2.2,1.7,1.7,2.9,2.7,3.3,1.9,1.7,1.8,5.5,1.7,1.7,2.0,3.7,2.0,1.7,2.5,2.4,1.8,2.3,2.5,1.8,6.2,2.0,2.0,2.8,2.5,2.2,2.1,2.2,1.75,2.1,2.8,2.2,2.3,1.4,2.3,1.7,1.9,2.0,2.5,2.8,2.3,1.6,2.2,2.1,1.7,2.2,5.6,2.4,2.1,2.4,1.65,2.5,1.6,2.1,2.0,7.8,1.8,4.6,2.3,2.5,2.3,1.8,1.8,2.3,1.5,2.0,1.9,1.8,5.8,2.1,1.7,2.0,2.1,2.1,1.9,1.9,2.1,2.0,1.9,1.9,1.3,1.8,2.2,2.2,2.5,2.6,4.1,2.0,1.8,2.1,2.7,2.6,2.2,2.2,12.9,1.7,2.5,4.3,1.7,2.5,2.0,2.4,13.4,1.8,1.7,2.2,2.3,2.2,1.8,1.4,1.9,2.4,1.8,4.8,2.7,1.8,2.0,2.5,2.2,1.8,2.3,2.3,2.0,1.8,1.6,1.6,1.9,2.0,2.1,2.3,6.3,1.9,1.7,1.9,2.0,2.7,2.3,1.8,2.5,2.6,4.5,1.9,2.1,2.4,1.9,4.3,2.1,1.4,2.1,2.15,2.0,2.1,1.8,2.3,1.9,2.5,3.9,1.4,3.0,1.9,2.3,2.4,2.0,1.2,2.2,1.7,2.6,1.2,1.8,1.8,1.7,1.8,2.1,3.8,1.7,2.2,2.0,2.4,1.4,1.7,1.7,2.6,2.3,2.1,1.8,2.8,2.0,2.3,1.9,2.3,1.8,1.8,2.5,5.4,1.4,2.3,2.5,2.0,1.9,2.2,1.7,2.2,2.1,1.6,1.7,3.1,3.8,1.2,2.0,1.4,2.3,2.0,2.6,1.8,2.1,1.8,3.4,1.8,6.1,2.2,2.3,2.4,1.3,2.0,3.9,1.6,1.6,2.0,2.2,2.2,2.1,2.0,1.7,2.6,2.0,5.1,2.1,2.2,1.8,2.4,2.0,2.2,1.6,2.5,1.6,2.2,1.6,2.1,3.9,1.4,1.8,2.5,1.9,2.2,1.8,2.1,1.6,1.8,15.4,1.6,4.8,1.7,2.2,2.0,5.2,1.9,1.75,2.2,5.2,1.9,1.9,2.0,2.7,2.0,1.9,2.2,1.6,1.8,1.7,1.7,2.3,2.1,2.3,2.4,1.7,2.1,2.3,2.1,1.4,3.75,2.6,1.8,13.8,2.2,2.2,5.7,3.0,1.5,2.1,1.5,2.0,2.1,2.1,1.9,1.7,2.1,1.8,1.6,1.9,1.4,1.9,2.3,2.3,1.5,4.3,2.4,2.5,2.3,1.8,2.0,2.1,1.8,2.2,2.1,2.2,1.8,4.1,4.1,2.3,2.0,2.2,2.6,1.9,2.0,2.0,2.1,2.2,1.7,2.2,2.1,2.2,2.8,2.0,1.9,2.4,2.2,1.9,1.9,2.5,1.8,4.4,2.2,1.9,2.2,2.3,1.8,2.0,1.6,2.0,1.8,2.3,2.3,3.7,2.2,2.4,1.7,2.2,6.7,2.0,2.0,1.9,2.1,1.6,1.9,2.2,2.2,2.2,2.4,13.9,2.2,1.6,5.1,1.8,1.7,2.4,2.6,2.1,2.4,2.6,2.4,1.8,2.5,7.8,1.8,1.7,2.3,1.9,2.0,2.2,2.0,3.6],\"y0\":\" \",\"yaxis\":\"y\",\"type\":\"box\"}],                        {\"template\":{\"data\":{\"histogram2dcontour\":[{\"type\":\"histogram2dcontour\",\"colorbar\":{\"outlinewidth\":0,\"ticks\":\"\"},\"colorscale\":[[0.0,\"#0d0887\"],[0.1111111111111111,\"#46039f\"],[0.2222222222222222,\"#7201a8\"],[0.3333333333333333,\"#9c179e\"],[0.4444444444444444,\"#bd3786\"],[0.5555555555555556,\"#d8576b\"],[0.6666666666666666,\"#ed7953\"],[0.7777777777777778,\"#fb9f3a\"],[0.8888888888888888,\"#fdca26\"],[1.0,\"#f0f921\"]]}],\"choropleth\":[{\"type\":\"choropleth\",\"colorbar\":{\"outlinewidth\":0,\"ticks\":\"\"}}],\"histogram2d\":[{\"type\":\"histogram2d\",\"colorbar\":{\"outlinewidth\":0,\"ticks\":\"\"},\"colorscale\":[[0.0,\"#0d0887\"],[0.1111111111111111,\"#46039f\"],[0.2222222222222222,\"#7201a8\"],[0.3333333333333333,\"#9c179e\"],[0.4444444444444444,\"#bd3786\"],[0.5555555555555556,\"#d8576b\"],[0.6666666666666666,\"#ed7953\"],[0.7777777777777778,\"#fb9f3a\"],[0.8888888888888888,\"#fdca26\"],[1.0,\"#f0f921\"]]}],\"heatmap\":[{\"type\":\"heatmap\",\"colorbar\":{\"outlinewidth\":0,\"ticks\":\"\"},\"colorscale\":[[0.0,\"#0d0887\"],[0.1111111111111111,\"#46039f\"],[0.2222222222222222,\"#7201a8\"],[0.3333333333333333,\"#9c179e\"],[0.4444444444444444,\"#bd3786\"],[0.5555555555555556,\"#d8576b\"],[0.6666666666666666,\"#ed7953\"],[0.7777777777777778,\"#fb9f3a\"],[0.8888888888888888,\"#fdca26\"],[1.0,\"#f0f921\"]]}],\"heatmapgl\":[{\"type\":\"heatmapgl\",\"colorbar\":{\"outlinewidth\":0,\"ticks\":\"\"},\"colorscale\":[[0.0,\"#0d0887\"],[0.1111111111111111,\"#46039f\"],[0.2222222222222222,\"#7201a8\"],[0.3333333333333333,\"#9c179e\"],[0.4444444444444444,\"#bd3786\"],[0.5555555555555556,\"#d8576b\"],[0.6666666666666666,\"#ed7953\"],[0.7777777777777778,\"#fb9f3a\"],[0.8888888888888888,\"#fdca26\"],[1.0,\"#f0f921\"]]}],\"contourcarpet\":[{\"type\":\"contourcarpet\",\"colorbar\":{\"outlinewidth\":0,\"ticks\":\"\"}}],\"contour\":[{\"type\":\"contour\",\"colorbar\":{\"outlinewidth\":0,\"ticks\":\"\"},\"colorscale\":[[0.0,\"#0d0887\"],[0.1111111111111111,\"#46039f\"],[0.2222222222222222,\"#7201a8\"],[0.3333333333333333,\"#9c179e\"],[0.4444444444444444,\"#bd3786\"],[0.5555555555555556,\"#d8576b\"],[0.6666666666666666,\"#ed7953\"],[0.7777777777777778,\"#fb9f3a\"],[0.8888888888888888,\"#fdca26\"],[1.0,\"#f0f921\"]]}],\"surface\":[{\"type\":\"surface\",\"colorbar\":{\"outlinewidth\":0,\"ticks\":\"\"},\"colorscale\":[[0.0,\"#0d0887\"],[0.1111111111111111,\"#46039f\"],[0.2222222222222222,\"#7201a8\"],[0.3333333333333333,\"#9c179e\"],[0.4444444444444444,\"#bd3786\"],[0.5555555555555556,\"#d8576b\"],[0.6666666666666666,\"#ed7953\"],[0.7777777777777778,\"#fb9f3a\"],[0.8888888888888888,\"#fdca26\"],[1.0,\"#f0f921\"]]}],\"mesh3d\":[{\"type\":\"mesh3d\",\"colorbar\":{\"outlinewidth\":0,\"ticks\":\"\"}}],\"scatter\":[{\"fillpattern\":{\"fillmode\":\"overlay\",\"size\":10,\"solidity\":0.2},\"type\":\"scatter\"}],\"parcoords\":[{\"type\":\"parcoords\",\"line\":{\"colorbar\":{\"outlinewidth\":0,\"ticks\":\"\"}}}],\"scatterpolargl\":[{\"type\":\"scatterpolargl\",\"marker\":{\"colorbar\":{\"outlinewidth\":0,\"ticks\":\"\"}}}],\"bar\":[{\"error_x\":{\"color\":\"#2a3f5f\"},\"error_y\":{\"color\":\"#2a3f5f\"},\"marker\":{\"line\":{\"color\":\"#E5ECF6\",\"width\":0.5},\"pattern\":{\"fillmode\":\"overlay\",\"size\":10,\"solidity\":0.2}},\"type\":\"bar\"}],\"scattergeo\":[{\"type\":\"scattergeo\",\"marker\":{\"colorbar\":{\"outlinewidth\":0,\"ticks\":\"\"}}}],\"scatterpolar\":[{\"type\":\"scatterpolar\",\"marker\":{\"colorbar\":{\"outlinewidth\":0,\"ticks\":\"\"}}}],\"histogram\":[{\"marker\":{\"pattern\":{\"fillmode\":\"overlay\",\"size\":10,\"solidity\":0.2}},\"type\":\"histogram\"}],\"scattergl\":[{\"type\":\"scattergl\",\"marker\":{\"colorbar\":{\"outlinewidth\":0,\"ticks\":\"\"}}}],\"scatter3d\":[{\"type\":\"scatter3d\",\"line\":{\"colorbar\":{\"outlinewidth\":0,\"ticks\":\"\"}},\"marker\":{\"colorbar\":{\"outlinewidth\":0,\"ticks\":\"\"}}}],\"scattermapbox\":[{\"type\":\"scattermapbox\",\"marker\":{\"colorbar\":{\"outlinewidth\":0,\"ticks\":\"\"}}}],\"scatterternary\":[{\"type\":\"scatterternary\",\"marker\":{\"colorbar\":{\"outlinewidth\":0,\"ticks\":\"\"}}}],\"scattercarpet\":[{\"type\":\"scattercarpet\",\"marker\":{\"colorbar\":{\"outlinewidth\":0,\"ticks\":\"\"}}}],\"carpet\":[{\"aaxis\":{\"endlinecolor\":\"#2a3f5f\",\"gridcolor\":\"white\",\"linecolor\":\"white\",\"minorgridcolor\":\"white\",\"startlinecolor\":\"#2a3f5f\"},\"baxis\":{\"endlinecolor\":\"#2a3f5f\",\"gridcolor\":\"white\",\"linecolor\":\"white\",\"minorgridcolor\":\"white\",\"startlinecolor\":\"#2a3f5f\"},\"type\":\"carpet\"}],\"table\":[{\"cells\":{\"fill\":{\"color\":\"#EBF0F8\"},\"line\":{\"color\":\"white\"}},\"header\":{\"fill\":{\"color\":\"#C8D4E3\"},\"line\":{\"color\":\"white\"}},\"type\":\"table\"}],\"barpolar\":[{\"marker\":{\"line\":{\"color\":\"#E5ECF6\",\"width\":0.5},\"pattern\":{\"fillmode\":\"overlay\",\"size\":10,\"solidity\":0.2}},\"type\":\"barpolar\"}],\"pie\":[{\"automargin\":true,\"type\":\"pie\"}]},\"layout\":{\"autotypenumbers\":\"strict\",\"colorway\":[\"#636efa\",\"#EF553B\",\"#00cc96\",\"#ab63fa\",\"#FFA15A\",\"#19d3f3\",\"#FF6692\",\"#B6E880\",\"#FF97FF\",\"#FECB52\"],\"font\":{\"color\":\"#2a3f5f\"},\"hovermode\":\"closest\",\"hoverlabel\":{\"align\":\"left\"},\"paper_bgcolor\":\"white\",\"plot_bgcolor\":\"#E5ECF6\",\"polar\":{\"bgcolor\":\"#E5ECF6\",\"angularaxis\":{\"gridcolor\":\"white\",\"linecolor\":\"white\",\"ticks\":\"\"},\"radialaxis\":{\"gridcolor\":\"white\",\"linecolor\":\"white\",\"ticks\":\"\"}},\"ternary\":{\"bgcolor\":\"#E5ECF6\",\"aaxis\":{\"gridcolor\":\"white\",\"linecolor\":\"white\",\"ticks\":\"\"},\"baxis\":{\"gridcolor\":\"white\",\"linecolor\":\"white\",\"ticks\":\"\"},\"caxis\":{\"gridcolor\":\"white\",\"linecolor\":\"white\",\"ticks\":\"\"}},\"coloraxis\":{\"colorbar\":{\"outlinewidth\":0,\"ticks\":\"\"}},\"colorscale\":{\"sequential\":[[0.0,\"#0d0887\"],[0.1111111111111111,\"#46039f\"],[0.2222222222222222,\"#7201a8\"],[0.3333333333333333,\"#9c179e\"],[0.4444444444444444,\"#bd3786\"],[0.5555555555555556,\"#d8576b\"],[0.6666666666666666,\"#ed7953\"],[0.7777777777777778,\"#fb9f3a\"],[0.8888888888888888,\"#fdca26\"],[1.0,\"#f0f921\"]],\"sequentialminus\":[[0.0,\"#0d0887\"],[0.1111111111111111,\"#46039f\"],[0.2222222222222222,\"#7201a8\"],[0.3333333333333333,\"#9c179e\"],[0.4444444444444444,\"#bd3786\"],[0.5555555555555556,\"#d8576b\"],[0.6666666666666666,\"#ed7953\"],[0.7777777777777778,\"#fb9f3a\"],[0.8888888888888888,\"#fdca26\"],[1.0,\"#f0f921\"]],\"diverging\":[[0,\"#8e0152\"],[0.1,\"#c51b7d\"],[0.2,\"#de77ae\"],[0.3,\"#f1b6da\"],[0.4,\"#fde0ef\"],[0.5,\"#f7f7f7\"],[0.6,\"#e6f5d0\"],[0.7,\"#b8e186\"],[0.8,\"#7fbc41\"],[0.9,\"#4d9221\"],[1,\"#276419\"]]},\"xaxis\":{\"gridcolor\":\"white\",\"linecolor\":\"white\",\"ticks\":\"\",\"title\":{\"standoff\":15},\"zerolinecolor\":\"white\",\"automargin\":true,\"zerolinewidth\":2},\"yaxis\":{\"gridcolor\":\"white\",\"linecolor\":\"white\",\"ticks\":\"\",\"title\":{\"standoff\":15},\"zerolinecolor\":\"white\",\"automargin\":true,\"zerolinewidth\":2},\"scene\":{\"xaxis\":{\"backgroundcolor\":\"#E5ECF6\",\"gridcolor\":\"white\",\"linecolor\":\"white\",\"showbackground\":true,\"ticks\":\"\",\"zerolinecolor\":\"white\",\"gridwidth\":2},\"yaxis\":{\"backgroundcolor\":\"#E5ECF6\",\"gridcolor\":\"white\",\"linecolor\":\"white\",\"showbackground\":true,\"ticks\":\"\",\"zerolinecolor\":\"white\",\"gridwidth\":2},\"zaxis\":{\"backgroundcolor\":\"#E5ECF6\",\"gridcolor\":\"white\",\"linecolor\":\"white\",\"showbackground\":true,\"ticks\":\"\",\"zerolinecolor\":\"white\",\"gridwidth\":2}},\"shapedefaults\":{\"line\":{\"color\":\"#2a3f5f\"}},\"annotationdefaults\":{\"arrowcolor\":\"#2a3f5f\",\"arrowhead\":0,\"arrowwidth\":1},\"geo\":{\"bgcolor\":\"white\",\"landcolor\":\"#E5ECF6\",\"subunitcolor\":\"white\",\"showland\":true,\"showlakes\":true,\"lakecolor\":\"white\"},\"title\":{\"x\":0.05},\"mapbox\":{\"style\":\"light\"}}},\"xaxis\":{\"anchor\":\"y\",\"domain\":[0.0,1.0],\"title\":{\"text\":\"Quality\"}},\"yaxis\":{\"anchor\":\"x\",\"domain\":[0.0,1.0],\"title\":{\"text\":\"Residual Sugar\"}},\"legend\":{\"tracegroupgap\":0},\"title\":{\"text\":\"Residual Sugar Content Across Wine Qualities\"},\"boxmode\":\"group\"},                        {\"responsive\": true}                    ).then(function(){\n",
              "                            \n",
              "var gd = document.getElementById('8065140b-1c47-4d32-a7fe-e5047aa0affd');\n",
              "var x = new MutationObserver(function (mutations, observer) {{\n",
              "        var display = window.getComputedStyle(gd).display;\n",
              "        if (!display || display === 'none') {{\n",
              "            console.log([gd, 'removed!']);\n",
              "            Plotly.purge(gd);\n",
              "            observer.disconnect();\n",
              "        }}\n",
              "}});\n",
              "\n",
              "// Listen for the removal of the full notebook cells\n",
              "var notebookContainer = gd.closest('#notebook-container');\n",
              "if (notebookContainer) {{\n",
              "    x.observe(notebookContainer, {childList: true});\n",
              "}}\n",
              "\n",
              "// Listen for the clearing of the current output cell\n",
              "var outputEl = gd.closest('.output');\n",
              "if (outputEl) {{\n",
              "    x.observe(outputEl, {childList: true});\n",
              "}}\n",
              "\n",
              "                        })                };                            </script>        </div>\n",
              "</body>\n",
              "</html>"
            ]
          },
          "metadata": {}
        }
      ]
    },
    {
      "cell_type": "markdown",
      "source": [
        "# Graph 3: Box Plot"
      ],
      "metadata": {
        "id": "ZRAQKLAWv98p"
      }
    },
    {
      "cell_type": "code",
      "source": [
        "import pandas as pd\n",
        "import plotly.express as px\n",
        "\n",
        "url = 'https://raw.githubusercontent.com/nerdropy/red-wine-visualization/master/winequality-red.csv'\n",
        "df = pd.read_csv(url)\n",
        "\n",
        "df.drop_duplicates(inplace=True)\n",
        "df.dropna(inplace=True)\n",
        "df.reset_index(drop=True, inplace=True)\n",
        "\n",
        "fig = px.box(df, x='quality', y='total sulfur dioxide',\n",
        "             title='Total Sulfur Dioxide Across Wine Qualities',\n",
        "             labels={'total sulfur dioxide': 'Total Sulfur Dioxide', 'quality': 'Quality'})\n",
        "fig.show()"
      ],
      "metadata": {
        "colab": {
          "base_uri": "https://localhost:8080/",
          "height": 542
        },
        "id": "2TwK5Js5wBkP",
        "outputId": "c323241f-3d85-4db9-d0c5-55fa7598cfd1"
      },
      "execution_count": null,
      "outputs": [
        {
          "output_type": "display_data",
          "data": {
            "text/html": [
              "<html>\n",
              "<head><meta charset=\"utf-8\" /></head>\n",
              "<body>\n",
